4.814059
5.151222
5.494987
5.838435
6.189308
6.573661
6.96252
6.796317
6.659423
6.567533
6.533333
6.79423
7.055126
7.058613
1.814361
1.59443
2.065457
1.682466
1.312576
0.938232
-0.346107
-0.020088
0.303584
0.627023
0.950066
1.251242
0.896588
0.53709
0.175719
-0.181455
6.529025
6.636496
6.420755
6.155526
5.843489
0.06387
-0.335047
-0.733985
-1.133432
-1.532879
-1.932326
-2.331773
-2.73122
-3.130667
2.284732
2.031955
1.751437
1.441138
1.115943
0.741299
0.343323
0.179437
0.515302
0.843145
1.027893
1.128467
1.229063
6.123658
5.784123
5.52693
0.791686
0.391829
-0.008149
-0.408094
-0.808084
9.328118
9.026594
8.70882
8.368275
8.001279
7.625951
7.250622
6.950702
6.691127
5.409751
5.094535
4.779305
4.464078
4.155434
3.917267
3.606526
3.294521
2.978924
2.661214
2.304534
1.911704
1.864222
2.004821
2.144028
2.28605
2.517251
2.744191
2.965628
8.768405
8.390562
8.012719
7.669745
7.286435
6.900128
6.514101
6.131412
5.795977
5.915818
6.127602
6.511121
6.894653
7.278186
7.659261
8.045438
8.445347
8.845256
9.245165
9.645059
10.045011
10.439157
2.094407
2.031528
1.863168
1.518636
1.238155
1.338135
1.492311
1.825487
1.717843
1.321189
0.927025
0.534139
0.141262
-0.251614
-0.64449
0.083296
0.430785
0.80193
1.114744
1.218534
1.30906
1.390396
1.488749
1.300006
2.329856
2.372325
2.520386
6.676946
7.005875
6.782455
6.469584
6.336239
6.238939
5.97665
5.696445
5.413454
5.659315
1.276266
1.646434
2.009962
2.387252
2.766007
3.145995
3.294282
3.099215
2.901008
3.103502
3.37646
3.670174
3.960493
4.249116
5.99418
6.095643
6.187537
6.274159
2.03099
2.004372
9.61028
9.255762
8.899417
8.539594
8.18677
7.833946
7.486651
7.147528
6.794044
6.438576
6.105227
5.780535
5.460175
5.603167
5.733618
1.246183
1.240136
1.295393
1.254002
1.543975
1.869715
2.195454
2.520722
4.841194
4.467609
4.094881
3.727147
3.345693
2.969862
2.647885
2.330285
2.007133
1.721517
1.506153
6.531595
6.38516
6.089413
5.768403
5.450547
5.134383
4.846249
4.583949
4.639862
4.75974
4.831674
4.872049
4.909555
4.967254
5.107901
5.248541
5.567202
5.894182
6.20245
6.498725
6.790709
7.06986
7.311574
7.365472
7.099527
7.300769
7.562025
7.841712
8.121398
8.401182
8.732539
9.08066
9.428779
9.776899
10.130126
10.493425
10.333829
10.061466
9.791393
9.52291
9.250516
8.96778
8.675679
8.378694
8.066565
7.712297
7.347767
6.985816
7.070748
7.419882
7.768225
8.131058
8.506269
8.884781
9.02023
9.091912
9.141198
9.190483
9.239769
2.123054
2.509673
2.874837
3.204062
3.529537
3.854967
4.18034
4.506848
4.316302
4.085906
3.809698
3.552175
3.392614
3.742326
4.094999
4.448757
4.808595
5.171806
5.532149
5.795202
5.477987
5.163422
4.847594
4.534797
4.21879
3.923659
3.643497
3.376129
3.112895
2.849954
2.587711
2.321495
2.474063
2.681544
12.691534
12.342829
11.99414
11.645451
11.297998
10.94046
10.577577
10.214165
9.835525
9.451789
9.066055
8.708893
8.444846
8.180798
7.91675
7.652703
8.962736
9.329555
9.696382
10.063857
10.416275
10.739087
11.108962
1.347317
1.739301
2.131288
2.527425
2.881105
3.077231
3.448784
3.848271
4.247824
4.642037
4.978651
5.291555
5.463946
5.602117
5.722401
5.833097
5.936343
6.022528
6.108698
3.722978
3.912421
4.091387
10.202948
9.805401
9.407854
9.010305
8.612756
8.215159
7.815862
7.418288
8.225472
8.214147
7.963466
8.102534
8.206328
8.283416
8.483255
8.883195
9.283134
9.682727
10.082053
10.372733
10.328023
10.283314
10.23536
10.165343
10.087414
9.997642
5.032502
4.745045
4.457598
4.31097
4.042278
3.6475
3.391317
3.190696
2.80836
2.43515
2.060955
1.70688
1.349936
7.463341
7.720337
7.977334
8.225976
8.469053
8.52183
8.318697
8.118666
7.898227
7.628972
7.281207
6.901994
6.506424
6.107956
10.257748
9.865861
9.473975
9.082205
8.69062
8.299035
7.914583
7.543491
7.618983
7.83932
0.31746
0.443886
0.570312
0.727419
0.860065
0.971647
-0.270219
-0.028103
0.214012
-3.304837
-2.905427
-2.506017
-2.106607
-1.707197
-1.307787
-0.908377
-0.508967
-0.109556
8.47037
8.210009
7.020862
7.094396
7.143204
7.192012
7.246611
7.299678
7.352744
9.966893
10.188613
10.420956
10.716358
10.754549
10.777058
4.360166
4.639712
4.924509
5.209306
9.137188
7.366591
9.40325
9.662933
9.922628
10.182314
10.441945
10.682842
5.521693
5.878169
6.179997
9.967498
10.043466
10.119434
10.195393
5.933258
5.533776
5.176373
4.826443
4.47652
4.090916
3.69527
3.299625
6.101134
5.724261
5.35128
4.978299
6.543462
6.343266
6.136793
5.812839
5.470425
5.269587
7.316327
7.656987
7.996808
8.334358
8.616521
8.896449
9.169998
9.442592
9.715177
9.963645
10.207966
2.376946
2.417027
2.457096
2.505096
2.566595
2.629473
5.817687
5.556006
4.96387
4.569137
4.298798
4.24385
4.19255
9.522676
9.508077
9.493478
9.483309
7.361376
7.203663
6.939275
6.674862
6.3806
6.11332
3.99418
3.840266
3.58419
3.29356
7.928723
7.776795
7.86387
9.66455
9.698432
9.732313
9.766194
7.200907
6.801438
6.40197
7.452608
2.895238
3.029367
3.18902