7.200122
6.984933
6.78042
6.575383
6.388725
6.277943
6.295918
6.078778
5.714753
5.325451
4.94126
5.244464
5.547669
5.810837
7.35515
7.023088
8.037951
8.151165
8.303417
8.39948
10.821258
10.589501
10.354502
10.119156
9.88327
9.642771
9.462379
9.28699
9.115839
8.935766
4.936253
4.55631
4.653912
4.489104
4.321591
3.140317
3.169731
3.198808
3.219837
3.240866
3.261894
3.282923
3.303952
3.324981
2.968532
2.658591
2.458883
2.711213
2.943366
3.071914
3.112099
3.163201
3.378132
3.607157
3.945919
4.333069
4.720213
2.523396
2.711722
3.018074
3.568269
3.577252
3.579181
3.575232
3.578071
10.078615
9.815778
9.575015
9.365184
9.209743
9.071437
8.933131
9.083186
9.387523
4.606847
4.853096
5.099328
5.345564
5.599641
5.913361
6.165232
6.415511
6.661273
6.904117
7.081458
7.146833
7.497199
7.871609
8.246529
8.620312
8.946726
9.276063
9.609179
0.399159
0.530439
0.661719
0.82485
0.939106
1.04287
1.147612
1.264013
1.399748
1.781372
1.988404
1.874768
1.761176
1.647586
1.526104
1.436894
1.428355
1.419817
1.411278
1.402084
1.396851
1.44146
6.716581
6.321554
5.962019
5.957652
6.136557
6.520647
6.889383
7.100233
7.125765
7.082018
7.014102
6.938998
6.863844
6.78869
6.713535
10.516009
10.70613
10.853978
11.098585
10.740932
10.351333
9.95972
9.572699
9.626855
4.079838
4.397762
4.769345
4.477253
4.249644
4.063443
3.831392
3.454363
3.752904
4.052235
4.337648
4.611705
4.927162
5.483294
5.331717
5.169369
5.036507
4.907981
4.783067
4.564023
4.214832
3.867393
3.558792
3.267444
2.995911
2.720749
2.443834
2.029648
2.416565
2.805819
3.196324
7.938428
7.69795
-1.93425
-1.749348
-1.567648
-1.393023
-1.204568
-1.016113
-0.818107
-0.605985
-0.419044
-0.235626
-0.015511
0.218102
0.457589
0.826661
1.204775
6.015321
5.615367
5.224987
4.828092
4.639926
4.407776
4.175625
3.942815
7.401297
7.544245
7.689307
7.846697
7.965656
8.101427
8.337616
8.580783
8.816286
9.08662
9.423693
5.173197
4.805486
4.893528
5.132113
5.374854
5.619873
5.895698
6.197645
6.556167
6.937781
7.330719
7.728628
8.126866
8.522378
8.896836
9.271296
9.143336
8.913923
8.659664
8.390924
8.117541
7.832483
7.513776
7.201515
6.902751
6.569062
6.668001
6.953965
7.239928
7.525797
7.744643
7.941651
8.138661
8.33567
8.522748
8.690122
8.978984
9.271931
9.566981
9.863489
10.156276
10.439225
10.712215
10.980036
11.230188
11.413058
11.577691
11.747884
4.204753
4.399892
4.596506
4.764614
4.902384
5.031724
4.74599
4.352487
3.955535
3.558583
3.161631
7.697486
7.595484
7.432963
7.206089
6.973568
6.740984
6.508321
6.277252
5.955144
5.628383
5.339332
5.035376
4.694015
4.4999
4.311163
4.124483
3.949882
3.782325
3.609137
3.412963
3.169337
2.92226
2.676801
2.427488
2.182315
1.913871
1.628534
1.737527
2.038705
2.340138
2.642178
2.940488
3.267292
3.609199
-1.333066
-1.137096
-0.941096
-0.745096
-0.546921
-0.36833
-0.200057
-0.033104
0.095859
0.207578
0.313233
0.331383
0.030918
-0.269546
-0.57001
-0.870475
5.058362
5.217874
5.377366
5.535334
5.718918
5.953762
6.098682
10.155214
10.23489
10.314555
10.328178
10.155243
9.814019
9.703555
9.705234
9.717749
9.720563
9.504481
9.371708
9.732653
10.107034
10.48852
10.872805
11.259236
11.649841
12.040449
6.835372
7.187006
7.544419
6.591666
6.547433
6.503204
6.458993
6.41478
6.371126
6.347433
6.375731
4.806447
4.439272
4.232312
3.858222
3.471929
3.079995
2.856293
2.863266
2.870238
2.885305
2.906529
3.009015
3.406509
3.804002
4.201113
4.59487
4.987119
5.376915
12.557268
12.279117
12.000954
11.631392
11.480084
11.544502
11.358414
11.103142
11.044937
10.903006
10.764619
10.578525
10.398224
7.313682
7.620199
7.926716
8.239926
8.557595
8.916054
9.260636
9.607025
9.938438
10.234245
10.426973
10.545385
10.598931
10.632875
6.117099
6.036941
5.956784
5.876066
5.79445
5.712835
5.607657
5.458358
5.16971
4.835867
9.179838
8.800343
8.420848
8.053852
7.676549
7.292427
9.809986
9.491583
9.173181
3.436974
3.415259
3.393544
3.371828
3.350113
3.328398
3.306683
3.284967
3.263252
7.596261
7.899762
4.178001
3.78795
3.390939
2.993928
2.597724
2.201259
1.804795
8.443192
8.110268
7.786567
7.516868
7.124954
6.725588
-0.632487
-0.346557
-0.065682
0.215193
10.935753
6.468155
11.15696
10.852715
10.548481
10.244238
9.940009
9.620725
9.851964
9.670511
9.409261
2.904692
2.511972
2.119252
1.726531
11.245255
11.265616
11.104154
10.910378
10.71659
10.684286
10.743145
10.802005
6.41414
6.284826
6.140308
5.99579
8.350346
8.004048
7.66184
7.439751
7.583893
7.27923
12.396329
12.186686
11.975689
11.761552
11.47803
11.19231
10.900523
10.607791
10.315049
10.001854
9.68514
13.165257
12.76727
12.369282
11.972226
11.576996
11.181969
4.210623
3.908119
8.513369
8.578067
8.808435
9.204535
9.601232
2.874409
2.474676
2.074942
1.675117
10.381567
10.014649
9.714483
9.414341
9.143971
8.846379
4.365055
3.995873
3.693545
3.418712
4.313081
0.792448
1.18276
0.154092
0.552654
0.951217
1.349779
2.921577
2.942186
2.962796
5.421794
10.145092
10.519832
10.886587